[Main Config]
Number_of_CMUs = 16
Number_of_Cells_per_CMU = 12
Number_of_CTNs_per_CMU = 4
CTN_A_Coeff = 0.00114089488568975
CTN_B_Coeff = 0.00023228635752090
CTN_D_Coeff = 0.00000009430893237













